row,col,hsa,hs,ha,thsa,ths,tha
1,1,10,10,0,25,24,1
2,1,187,185,2,591,580,11
3,1,250,233,17,1359,1272,87
4,1,21,21,0,65,64,1
5,1,32,28,4,86,75,11
7,1,31,28,3,336,228,108
10,1,6,6,0,47,42,5
12,1,10,10,0,39,35,4
14,1,19,18,1,66,62,4
15,1,14,14,0,64,62,2
20,1,116,108,8,421,402,19
22,1,5,5,0,25,25,0
24,1,17,16,1,43,41,2
32,1,66,54,12,299,245,54
33,1,47,46,1,225,209,16
35,1,60,58,2,341,321,20
36,1,42,42,0,327,313,14
38,1,3,3,0,11,10,1
39,1,10,10,0,42,38,4
40,1,8,3,5,21,12,9
43,1,29,29,0,64,62,2
44,1,14,14,0,44,43,1
45,1,2,2,0,4,4,0
46,1,2,1,1,11,9,2
48,1,72,72,0,679,620,59
49,1,78,76,2,642,576,66
53,1,9,1,8,29,1,28
55,1,6,4,2,28,24,4
57,1,2,2,0,16,15,1
60,1,21,9,12,67,30,37
62,1,13,7,6,54,44,10
1,2,10,10,0,23,23,0
2,2,656,645,11,2107,2068,39
3,2,755,726,29,3941,3720,221
4,2,87,87,0,273,220,53
5,2,103,97,6,355,328,27
7,2,137,118,19,885,572,313
10,2,17,17,0,134,122,12
11,2,6,6,0,46,37,9
12,2,10,10,0,140,120,20
14,2,51,44,7,223,203,20
15,2,31,31,0,166,162,4
17,2,10,10,0,112,109,3
19,2,5,5,0,28,25,3
20,2,378,353,25,1184,1127,57
22,2,30,30,0,66,66,0
24,2,57,54,3,148,143,5
27,2,4,3,1,6,4,2
32,2,216,190,26,982,838,144
33,2,138,135,3,737,708,29
34,2,3,3,0,8,8,0
35,2,219,215,4,1048,958,90
36,2,155,155,0,1004,952,52
37,2,3,3,0,15,14,1
38,2,6,6,0,27,27,0
39,2,32,32,0,122,99,23
40,2,29,18,11,71,50,21
43,2,87,87,0,182,174,8
44,2,60,57,3,195,182,13
45,2,7,7,0,16,16,0
46,2,7,6,1,18,17,1
48,2,254,254,0,2074,1884,190
49,2,284,262,22,1931,1728,203
53,2,29,4,25,126,7,119
54,2,2,2,0,15,7,8
55,2,21,20,1,69,53,16
57,2,9,5,4,36,31,5
60,2,53,20,33,191,95,96
61,2,5,2,3,16,11,5
62,2,40,27,13,184,155,29
1,3,13,11,2,32,28,4
2,3,1097,1078,19,3900,3843,57
3,3,1804,1721,83,7345,6957,388
4,3,151,151,0,557,462,95
5,3,318,290,28,974,904,70
6,3,125,125,0,1337,785,552
7,3,353,304,49,1479,1040,439
8,3,74,74,0,781,416,365
9,3,14,14,0,351,186,165
10,3,70,70,0,643,614,29
11,3,19,19,0,192,178,14
12,3,54,54,0,494,477,17
13,3,54,54,0,247,232,15
14,3,216,206,10,898,829,69
15,3,94,94,0,678,667,11
16,3,223,223,0,867,841,26
17,3,45,45,0,457,445,12
18,3,72,72,0,337,289,48
19,3,30,30,0,89,78,11
20,3,786,731,55,2515,2386,129
22,3,38,38,0,130,126,4
24,3,93,93,0,280,276,4
27,3,2,1,1,6,2,4
32,3,510,417,93,2289,1999,290
33,3,308,291,17,1542,1481,61
34,3,7,7,0,16,16,0
35,3,936,906,30,4016,3828,188
36,3,893,893,0,3688,3614,74
37,3,6,4,2,21,17,4
38,3,14,14,0,55,54,1
39,3,113,113,0,292,252,40
40,3,52,27,25,167,95,72
41,3,12,12,0,78,78,0
42,3,140,115,25,785,672,113
43,3,144,144,0,265,251,14
44,3,90,86,4,344,329,15
45,3,16,16,0,45,45,0
46,3,12,12,0,42,34,8
47,3,6,1,5,21,5,16
48,3,629,629,0,3760,3376,384
49,3,672,632,40,3467,3162,305
53,3,31,2,29,172,8,164
54,3,2,2,0,6,2,4
55,3,28,28,0,98,73,25
56,3,17,17,0,47,32,15
57,3,19,15,4,118,109,9
60,3,131,28,103,404,178,226
61,3,13,6,7,42,23,19
62,3,60,39,21,411,328,83
1,4,12,12,0,33,33,0
2,4,704,697,7,2484,2456,28
3,4,1453,1381,72,5369,5027,342
4,4,141,141,0,451,394,57
5,4,241,214,27,773,707,66
6,4,131,131,0,942,606,336
7,4,309,281,28,1130,865,265
8,4,71,71,0,571,320,251
9,4,29,29,0,237,128,109
10,4,79,79,0,534,511,23
11,4,22,22,0,165,157,8
12,4,36,36,0,377,346,31
13,4,55,55,0,200,185,15
14,4,194,177,17,753,673,80
15,4,109,109,0,646,632,14
16,4,220,220,0,747,728,19
17,4,46,46,0,403,388,15
18,4,64,64,0,219,195,24
19,4,39,39,0,133,132,1
20,4,529,505,24,1796,1701,95
22,4,20,20,0,72,72,0
24,4,59,59,0,173,172,1
32,4,317,252,65,1497,1303,194
33,4,196,183,13,1016,961,55
34,4,10,10,0,20,20,0
35,4,690,667,23,2923,2797,126
36,4,737,737,0,2836,2795,41
37,4,7,2,5,26,15,11
38,4,8,8,0,42,40,2
39,4,89,89,0,218,185,33
40,4,30,15,15,125,75,50
41,4,25,25,0,94,93,1
42,4,103,82,21,540,446,94
43,4,52,52,0,115,109,6
44,4,89,80,9,324,294,30
45,4,5,5,0,19,19,0
46,4,5,3,2,20,13,7
47,4,6,1,5,12,3,9
48,4,428,428,0,2252,2033,219
49,4,402,376,26,2124,1953,171
53,4,31,2,29,129,3,126
55,4,12,9,3,64,47,17
56,4,13,13,0,47,40,7
57,4,19,14,5,99,88,11
60,4,104,22,82,362,146,216
61,4,9,1,8,32,13,19
62,4,45,29,16,265,205,60
1,5,10,8,2,32,28,4
2,5,327,324,3,1248,1233,15
3,5,560,528,32,2214,2040,174
4,5,64,64,0,215,192,23
5,5,108,98,10,385,354,31
6,5,61,61,0,506,308,198
7,5,140,120,20,589,431,158
8,5,27,27,0,336,177,159
9,5,14,14,0,157,80,77
10,5,32,32,0,225,211,14
11,5,10,10,0,70,62,8
12,5,18,18,0,162,154,8
13,5,24,24,0,88,77,11
14,5,59,54,5,287,255,32
15,5,40,40,0,263,258,5
16,5,78,78,0,300,286,14
17,5,12,12,0,150,144,6
18,5,37,37,0,136,125,11
19,5,15,15,0,66,61,5
20,5,212,199,13,796,765,31
22,5,18,17,1,50,49,1
24,5,35,35,0,118,113,5
32,5,177,148,29,838,738,100
33,5,121,112,9,602,571,31
34,5,4,4,0,4,4,0
35,5,370,358,12,1589,1519,70
36,5,391,391,0,1577,1549,28
37,5,4,2,2,6,4,2
38,5,6,6,0,13,13,0
39,5,53,53,0,162,142,20
40,5,23,17,6,92,70,22
41,5,21,21,0,68,67,1
42,5,65,50,15,342,292,50
43,5,29,29,0,73,70,3
44,5,43,41,2,157,151,6
45,5,4,4,0,8,8,0
48,5,224,224,0,1231,1113,118
49,5,205,188,17,1160,1065,95
53,5,12,1,11,72,3,69
55,5,7,6,1,36,25,11
56,5,4,4,0,11,10,1
57,5,6,6,0,43,41,2
60,5,41,8,33,141,64,77
61,5,2,0,2,12,8,4
62,5,21,14,7,146,108,38
1,6,8,7,1,28,26,2
2,6,912,897,15,3303,3264,39
3,6,1588,1519,69,6100,5765,335
4,6,188,188,0,634,555,79
5,6,480,430,50,1519,1419,100
6,6,151,151,0,1351,847,504
7,6,386,350,36,1526,1153,373
8,6,75,75,0,768,424,344
9,6,35,35,0,342,198,144
10,6,93,93,0,735,693,42
11,6,30,30,0,228,211,17
12,6,70,70,0,603,561,42
13,6,85,85,0,269,247,22
14,6,266,246,20,1016,926,90
15,6,129,129,0,917,898,19
16,6,282,282,0,1051,1022,29
17,6,59,59,0,563,543,20
18,6,138,138,0,501,448,53
19,6,116,116,0,407,399,8
20,6,662,622,40,2128,2006,122
22,6,42,42,0,108,108,0
24,6,97,90,7,308,293,15
27,6,2,2,0,3,3,0
32,6,547,439,108,2369,2043,326
33,6,318,297,21,1617,1507,110
34,6,4,4,0,16,15,1
35,6,1141,1117,24,4709,4533,176
36,6,1165,1165,0,4366,4308,58
37,6,10,7,3,33,24,9
38,6,17,17,0,59,59,0
39,6,156,156,0,433,366,67
40,6,75,44,31,272,169,103
41,6,72,70,2,300,296,4
42,6,211,187,24,909,775,134
43,6,83,83,0,156,148,8
44,6,161,150,11,553,527,26
45,6,8,8,0,30,30,0
46,6,8,7,1,19,15,4
47,6,3,2,1,15,4,11
48,6,599,599,0,3394,3075,319
49,6,614,568,46,3116,2830,286
53,6,35,3,32,190,8,182
54,6,5,5,0,10,7,3
55,6,17,14,3,90,65,25
56,6,6,6,0,40,28,12
57,6,29,25,4,125,113,12
60,6,130,26,104,417,187,230
61,6,5,2,3,45,28,17
62,6,68,41,27,409,307,102
1,7,13,13,0,27,27,0
2,7,1148,1129,19,4200,4135,65
3,7,2185,2087,98,8307,7832,475
4,7,188,188,0,708,607,101
5,7,646,591,55,2022,1894,128
6,7,202,202,0,1530,1041,489
7,7,540,492,48,1963,1548,415
8,7,116,116,0,886,535,351
9,7,40,40,0,380,221,159
10,7,159,159,0,1061,1015,46
11,7,37,37,0,328,308,20
12,7,106,106,0,770,728,42
13,7,139,139,0,452,414,38
14,7,349,328,21,1473,1363,110
15,7,180,180,0,1364,1333,31
16,7,447,447,0,1479,1440,39
17,7,99,99,0,761,736,25
18,7,260,260,0,826,766,60
19,7,150,150,0,538,521,17
20,7,804,750,54,2631,2482,149
22,7,32,29,3,108,104,4
24,7,158,153,5,498,480,18
30,7,3,3,0,5,5,0
32,7,649,511,138,2915,2500,415
33,7,379,347,32,1894,1779,115
34,7,8,7,1,38,36,2
35,7,1295,1265,30,5442,5227,215
36,7,1370,1370,0,5113,5051,62
37,7,18,10,8,58,40,18
38,7,13,13,0,73,72,1
39,7,252,252,0,658,557,101
40,7,120,62,58,409,260,149
41,7,130,128,2,565,561,4
42,7,219,188,31,1036,884,152
43,7,75,75,0,154,143,11
44,7,173,164,9,693,662,31
45,7,11,11,0,36,36,0
46,7,6,5,1,12,10,2
47,7,4,1,3,17,5,12
48,7,771,771,0,4005,3635,370
49,7,746,702,44,3700,3393,307
53,7,37,3,34,238,12,226
54,7,3,3,0,10,4,6
55,7,33,26,7,131,94,37
56,7,15,15,0,79,71,8
57,7,23,18,5,127,116,11
60,7,188,38,150,534,235,299
61,7,11,6,5,73,51,22
62,7,72,40,32,492,357,135
1,8,5,2,3,20,16,4
2,8,702,693,9,2551,2514,37
3,8,1192,1150,42,4815,4497,318
4,8,121,121,0,435,389,46
5,8,415,377,38,1308,1218,90
6,8,141,141,0,1074,727,347
7,8,341,323,18,1265,1003,262
8,8,74,74,0,612,379,233
9,8,32,32,0,273,168,105
10,8,87,87,0,629,607,22
11,8,21,21,0,164,153,11
12,8,61,61,0,456,428,28
13,8,66,66,0,226,208,18
14,8,209,186,23,850,757,93
15,8,121,121,0,827,817,10
16,8,230,230,0,868,847,21
17,8,63,63,0,452,442,10
18,8,115,115,0,458,424,34
19,8,93,93,0,354,342,12
20,8,473,439,34,1515,1430,85
22,8,22,22,0,85,84,1
24,8,76,76,0,261,257,4
27,8,5,5,0,8,8,0
32,8,352,291,61,1647,1452,195
33,8,227,207,20,1046,969,77
34,8,5,5,0,18,15,3
35,8,776,749,27,2992,2884,108
36,8,780,780,0,2932,2882,50
37,8,3,2,1,17,9,8
38,8,9,9,0,49,48,1
39,8,156,156,0,371,321,50
40,8,69,30,39,227,134,93
41,8,68,67,1,332,329,3
42,8,118,99,19,548,446,102
43,8,39,39,0,81,75,6
44,8,130,120,10,467,446,21
45,8,10,10,0,25,25,0
46,8,9,4,5,18,12,6
47,8,3,1,2,8,3,5
48,8,442,442,0,2300,2053,247
49,8,451,424,27,2152,1956,196
53,8,19,3,16,122,12,110
54,8,5,5,0,9,5,4
55,8,23,15,8,74,53,21
56,8,18,18,0,66,61,5
57,8,11,9,2,79,73,6
60,8,112,34,78,328,149,179
61,8,5,4,1,48,33,15
62,8,41,19,22,251,162,89
1,9,4,4,0,13,12,1
2,9,316,310,6,1256,1236,20
3,9,565,540,25,2323,2163,160
4,9,58,58,0,198,174,24
5,9,174,156,18,652,605,47
6,9,81,81,0,769,485,284
7,9,209,192,17,783,600,183
8,9,41,41,0,416,266,150
9,9,23,23,0,194,97,97
10,9,30,30,0,269,260,9
11,9,9,9,0,76,73,3
12,9,23,23,0,206,196,10
13,9,26,26,0,116,106,10
14,9,102,91,11,381,342,39
15,9,35,35,0,365,361,4
16,9,93,93,0,354,344,10
17,9,20,20,0,188,179,9
18,9,73,73,0,239,225,14
19,9,51,51,0,167,166,1
20,9,170,162,8,582,547,35
22,9,10,10,0,42,42,0
24,9,48,45,3,146,138,8
30,9,2,2,0,5,4,1
32,9,173,133,40,837,699,138
33,9,90,84,6,518,477,41
34,9,3,3,0,9,9,0
35,9,330,320,10,1496,1435,61
36,9,368,368,0,1445,1430,15
37,9,6,4,2,14,10,4
38,9,9,9,0,19,19,0
39,9,77,77,0,224,192,32
40,9,35,19,16,120,82,38
41,9,44,42,2,202,199,3
42,9,49,40,9,240,193,47
43,9,30,30,0,44,42,2
44,9,60,55,5,236,225,11
46,9,3,2,1,6,4,2
48,9,238,238,0,1421,1275,146
49,9,213,200,13,1298,1176,122
53,9,16,0,16,50,0,50
55,9,5,3,2,27,16,11
56,9,7,7,0,31,30,1
57,9,5,4,1,49,45,4
60,9,46,12,34,140,66,74
62,9,21,14,7,120,95,25
1,10,15,14,1,30,28,2
2,10,962,947,15,3647,3590,57
3,10,1542,1455,87,6191,5789,402
4,10,186,186,0,648,581,67
5,10,629,590,39,1992,1882,110
6,10,210,210,0,1678,1090,588
7,10,566,520,46,2088,1614,474
8,10,103,103,0,998,588,410
9,10,49,49,0,407,229,178
10,10,120,120,0,785,745,40
11,10,37,37,0,226,219,7
12,10,85,85,0,613,573,40
13,10,82,82,0,303,286,17
14,10,303,281,22,1171,1071,100
15,10,155,155,0,1062,1039,23
16,10,294,294,0,1129,1084,45
17,10,60,60,0,548,530,18
18,10,164,164,0,562,531,31
19,10,155,155,0,495,484,11
20,10,555,510,45,1827,1716,111
22,10,19,17,2,92,89,3
24,10,132,131,1,427,419,8
32,10,569,448,121,2585,2256,329
33,10,333,308,25,1658,1532,126
34,10,3,3,0,13,13,0
35,10,1078,1051,27,4362,4213,149
36,10,1068,1068,0,4108,4057,51
37,10,10,7,3,39,27,12
38,10,13,13,0,59,56,3
39,10,267,267,0,634,533,101
40,10,110,51,59,384,218,166
41,10,112,111,1,458,453,5
42,10,185,162,23,790,665,125
43,10,67,67,0,132,125,7
44,10,249,230,19,909,858,51
45,10,12,12,0,39,39,0
46,10,6,4,2,25,15,10
47,10,7,2,5,18,4,14
48,10,695,695,0,3732,3345,387
49,10,706,654,52,3450,3113,337
53,10,39,0,39,229,5,224
54,10,8,8,0,17,9,8
55,10,29,22,7,97,71,26
56,10,29,29,0,81,74,7
57,10,31,27,4,142,131,11
60,10,113,24,89,369,177,192
61,10,14,5,9,63,34,29
62,10,86,51,35,473,371,102
1,11,7,6,1,35,34,1
2,11,1266,1254,12,4674,4613,61
3,11,2153,2060,93,8697,8166,531
4,11,242,242,0,818,739,79
5,11,719,658,61,2367,2227,140
6,11,201,201,0,1794,1139,655
7,11,575,511,64,2155,1641,514
8,11,116,116,0,1092,629,463
9,11,46,46,0,458,258,200
10,11,140,140,0,1053,1015,38
11,11,50,50,0,321,305,16
12,11,103,103,0,831,784,47
13,11,92,92,0,387,364,23
14,11,359,329,30,1439,1302,137
15,11,199,199,0,1421,1400,21
16,11,396,396,0,1416,1383,33
17,11,90,90,0,766,742,24
18,11,222,222,0,843,785,58
19,11,191,191,0,685,660,25
20,11,742,702,40,2307,2205,102
22,11,32,32,0,103,103,0
24,11,186,179,7,655,634,21
27,11,5,4,1,12,10,2
29,11,5,5,0,7,7,0
30,11,3,3,0,5,5,0
32,11,792,635,157,3380,2911,469
33,11,453,411,42,2083,1931,152
34,11,15,15,0,27,27,0
35,11,1259,1221,38,4962,4780,182
36,11,1260,1260,0,4702,4630,72
37,11,14,13,1,45,36,9
38,11,21,21,0,56,55,1
39,11,382,382,0,943,790,153
40,11,173,93,80,569,328,241
41,11,144,141,3,588,584,4
42,11,186,142,44,865,686,179
43,11,43,43,0,91,83,8
44,11,340,323,17,1263,1214,49
45,11,16,16,0,44,44,0
46,11,4,1,3,13,5,8
47,11,5,3,2,23,8,15
48,11,815,815,0,4331,3875,456
49,11,767,711,56,3964,3585,379
53,11,38,0,38,198,8,190
54,11,3,3,0,9,8,1
55,11,25,20,5,110,83,27
56,11,14,14,0,81,70,11
57,11,35,27,8,203,190,13
60,11,164,30,134,512,212,300
61,11,14,2,12,71,41,30
62,11,84,58,26,509,397,112
1,12,7,7,0,21,21,0
2,12,557,548,9,2101,2069,32
3,12,1298,1242,56,5239,4906,333
4,12,127,127,0,402,373,29
5,12,327,301,26,1107,1047,60
6,12,159,159,0,1154,755,399
7,12,350,315,35,1306,999,307
8,12,69,69,0,686,385,301
9,12,33,33,0,290,166,124
10,12,57,57,0,502,476,26
11,12,22,22,0,149,137,12
12,12,57,57,0,408,386,22
13,12,51,51,0,203,189,14
14,12,195,184,11,781,711,70
15,12,78,78,0,683,671,12
16,12,204,204,0,743,724,19
17,12,47,47,0,369,354,15
18,12,133,133,0,475,437,38
19,12,108,108,0,356,340,16
20,12,366,350,16,1205,1140,65
22,12,19,18,1,59,57,2
24,12,117,111,6,353,341,12
32,12,341,246,95,1585,1284,301
33,12,197,175,22,987,909,78
34,12,7,7,0,20,20,0
35,12,567,542,25,2271,2164,107
36,12,566,566,0,2102,2073,29
37,12,7,4,3,25,19,6
38,12,10,10,0,45,45,0
39,12,253,253,0,605,527,78
40,12,98,43,55,346,175,171
41,12,67,66,1,257,255,2
42,12,92,73,19,371,302,69
43,12,25,25,0,52,45,7
44,12,218,211,7,842,819,23
45,12,6,6,0,22,22,0
46,12,4,1,3,10,5,5
47,12,3,0,3,11,4,7
48,12,361,361,0,2058,1835,223
49,12,379,357,22,1951,1779,172
53,12,8,0,8,58,3,55
55,12,12,11,1,44,35,9
56,12,6,6,0,18,18,0
57,12,10,10,0,60,57,3
60,12,104,25,79,288,136,152
61,12,5,1,4,31,19,12
62,12,30,19,11,230,169,61
2,13,251,243,8,1068,1045,23
3,13,371,356,15,1749,1637,112
4,13,59,59,0,203,172,31
5,13,142,131,11,486,455,31
6,13,58,58,0,742,453,289
7,13,176,151,25,845,576,269
8,13,38,38,0,525,267,258
9,13,6,6,0,210,98,112
10,13,19,19,0,172,168,4
11,13,3,3,0,49,45,4
12,13,23,23,0,166,162,4
13,13,22,22,0,92,91,1
14,13,79,69,10,311,288,23
15,13,33,33,0,242,237,5
16,13,62,62,0,265,260,5
17,13,16,16,0,137,133,4
18,13,27,27,0,111,106,5
19,13,25,25,0,90,86,4
20,13,124,114,10,434,405,29
22,13,10,10,0,26,26,0
24,13,9,9,0,32,32,0
32,13,94,77,17,478,433,45
33,13,42,36,6,235,221,14
35,13,183,179,4,806,782,24
36,13,216,216,0,836,819,17
37,13,2,1,1,8,7,1
38,13,5,5,0,14,14,0
39,13,17,17,0,55,43,12
40,13,9,6,3,35,22,13
41,13,16,16,0,79,79,0
42,13,29,25,4,127,112,15
43,13,12,12,0,31,25,6
44,13,11,8,3,67,63,4
48,13,220,220,0,1505,1366,139
49,13,206,193,13,1391,1249,142
53,13,3,1,2,35,3,32
55,13,11,7,4,28,18,10
56,13,3,3,0,15,15,0
57,13,4,4,0,26,24,2
60,13,44,12,32,125,59,66
62,13,13,9,4,119,94,25
1,14,6,6,0,18,16,2
2,14,708,695,13,2768,2736,32
3,14,997,950,47,4302,4064,238
4,14,125,125,0,400,351,49
5,14,377,350,27,1231,1159,72
6,14,157,157,0,1476,911,565
7,14,399,359,40,1706,1235,471
8,14,83,83,0,852,500,352
9,14,29,29,0,382,194,188
10,14,41,41,0,384,373,11
11,14,13,13,0,119,116,3
12,14,43,43,0,325,309,16
13,14,40,40,0,128,123,5
14,14,137,126,11,545,498,47
15,14,71,71,0,505,498,7
16,14,127,127,0,533,519,14
17,14,23,23,0,266,254,12
18,14,90,90,0,286,267,19
19,14,75,75,0,249,245,4
20,14,271,260,11,966,920,46
22,14,7,7,0,25,25,0
24,14,37,36,1,133,127,6
32,14,269,227,42,1257,1114,143
33,14,107,102,5,598,572,26
34,14,2,2,0,10,8,2
35,14,439,427,12,2003,1919,84
36,14,475,475,0,1925,1896,29
37,14,3,2,1,23,18,5
38,14,10,10,0,42,37,5
39,14,51,51,0,156,131,25
40,14,16,6,10,80,56,24
41,14,57,55,2,226,222,4
42,14,67,56,11,405,342,63
43,14,38,38,0,70,63,7
44,14,71,70,1,242,233,9
45,14,2,2,0,21,21,0
46,14,2,1,1,11,8,3
47,14,2,1,1,5,2,3
48,14,515,515,0,3165,2824,341
49,14,515,473,42,2947,2646,301
53,14,23,0,23,122,4,118
54,14,4,4,0,10,6,4
55,14,9,8,1,50,39,11
56,14,8,8,0,38,36,2
57,14,7,7,0,81,78,3
60,14,97,24,73,296,131,165
61,14,6,2,4,18,8,10
62,14,37,17,20,271,189,82
1,15,6,4,2,24,19,5
2,15,1163,1154,9,4423,4363,60
3,15,1468,1420,48,6393,6060,333
4,15,149,149,0,573,501,72
5,15,639,600,39,2099,1960,139
6,15,255,255,0,2221,1431,790
7,15,644,577,67,2549,1917,632
8,15,125,125,0,1296,751,545
9,15,54,54,0,571,341,230
10,15,101,101,0,757,727,30
11,15,34,34,0,242,226,16
12,15,65,65,0,523,490,33
13,15,72,72,0,308,295,13
14,15,235,216,19,1026,920,106
15,15,131,131,0,970,947,23
16,15,268,268,0,1064,1042,22
17,15,57,57,0,562,534,28
18,15,185,185,0,555,528,27
19,15,143,143,0,453,445,8
20,15,515,498,17,1675,1606,69
22,15,19,18,1,68,66,2
24,15,89,86,3,229,224,5
26,15,2,2,0,2,2,0
32,15,468,381,87,2108,1867,241
33,15,193,178,15,1063,982,81
34,15,5,4,1,14,13,1
35,15,772,748,24,3468,3330,138
36,15,783,783,0,3309,3250,59
37,15,9,6,3,37,29,8
38,15,19,19,0,61,58,3
39,15,88,88,0,283,245,38
40,15,32,21,11,165,120,45
41,15,95,95,0,484,483,1
42,15,131,113,18,601,509,92
43,15,49,49,0,103,95,8
44,15,120,112,8,396,366,30
45,15,14,14,0,41,41,0
46,15,5,3,2,25,19,6
47,15,3,0,3,13,6,7
48,15,830,830,0,4962,4465,497
49,15,805,753,52,4594,4135,459
53,15,48,1,47,215,2,213
55,15,18,15,3,92,77,15
56,15,14,14,0,50,45,5
57,15,23,21,2,143,137,6
60,15,156,35,121,490,211,279
61,15,5,2,3,41,23,18
62,15,67,49,18,377,295,82
1,16,8,8,0,25,24,1
2,16,639,630,9,2367,2339,28
3,16,1003,963,40,4361,4092,269
4,16,107,107,0,344,311,33
5,16,320,307,13,1056,1017,39
6,16,164,164,0,1209,828,381
7,16,345,307,38,1433,1107,326
8,16,94,94,0,790,476,314
9,16,39,39,0,346,210,136
10,16,53,53,0,475,461,14
11,16,17,17,0,179,167,12
12,16,38,38,0,358,328,30
13,16,44,44,0,147,133,14
14,16,132,121,11,585,527,58
15,16,83,83,0,573,557,16
16,16,160,160,0,564,547,17
17,16,43,43,0,320,313,7
18,16,104,104,0,326,304,22
19,16,54,54,0,191,181,10
20,16,322,299,23,1005,946,59
22,16,12,12,0,44,44,0
24,16,36,36,0,125,122,3
32,16,320,251,69,1407,1217,190
33,16,126,107,19,750,675,75
35,16,458,450,8,1969,1891,78
36,16,473,473,0,1891,1858,33
37,16,9,5,4,38,25,13
38,16,8,8,0,48,45,3
39,16,47,47,0,158,137,21
40,16,27,15,12,103,69,34
41,16,57,57,0,213,212,1
42,16,56,44,12,278,220,58
43,16,33,33,0,60,55,5
44,16,51,47,4,197,186,11
45,16,7,7,0,18,17,1
46,16,6,5,1,15,9,6
47,16,3,1,2,14,6,8
48,16,454,454,0,2514,2277,237
49,16,474,448,26,2377,2157,220
53,16,18,0,18,83,2,81
55,16,13,10,3,45,35,10
56,16,6,6,0,24,18,6
57,16,16,12,4,84,77,7
60,16,89,19,70,289,125,164
61,16,8,3,5,21,10,11
62,16,28,13,15,200,144,56
1,17,2,2,0,3,3,0
2,17,265,263,2,984,973,11
3,17,438,422,16,1855,1749,106
4,17,47,47,0,187,173,14
5,17,139,132,7,474,448,26
6,17,55,55,0,646,360,286
7,17,137,120,17,736,525,211
8,17,24,24,0,404,211,193
9,17,15,15,0,178,94,84
10,17,15,15,0,145,142,3
11,17,5,5,0,49,46,3
12,17,19,19,0,111,101,10
13,17,11,11,0,58,52,6
14,17,49,45,4,197,173,24
15,17,28,28,0,190,180,10
16,17,54,54,0,211,204,7
17,17,11,11,0,108,105,3
18,17,22,22,0,118,110,8
19,17,11,11,0,68,64,4
20,17,90,82,8,324,304,20
22,17,8,8,0,24,24,0
24,17,18,17,1,90,87,3
30,17,3,3,0,4,4,0
32,17,140,110,30,652,565,87
33,17,57,56,1,331,312,19
35,17,242,236,6,1173,1093,80
36,17,245,245,0,1113,1089,24
38,17,6,6,0,11,11,0
39,17,33,33,0,106,91,15
40,17,14,9,5,63,48,15
41,17,17,17,0,86,85,1
42,17,25,21,4,126,105,21
43,17,3,3,0,13,13,0
44,17,28,27,1,102,95,7
45,17,5,5,0,14,14,0
47,17,3,2,1,5,3,2
48,17,215,215,0,1508,1369,139
49,17,227,214,13,1413,1264,149
53,17,13,2,11,65,2,63
55,17,4,2,2,12,7,5
57,17,5,4,1,36,30,6
60,17,33,6,27,120,49,71
62,17,12,5,7,73,59,14
1,18,3,3,0,25,25,0
2,18,539,534,5,2159,2130,29
3,18,799,778,21,3446,3253,193
4,18,125,125,0,452,391,61
5,18,337,320,17,1155,1084,71
6,18,95,95,0,1078,647,431
7,18,292,269,23,1335,993,342
8,18,53,53,0,612,334,278
9,18,10,10,0,292,146,146
10,18,45,45,0,363,344,19
11,18,9,9,0,112,104,8
12,18,36,36,0,244,229,15
13,18,29,29,0,124,119,5
14,18,120,111,9,452,401,51
15,18,72,72,0,420,409,11
16,18,142,142,0,485,473,12
17,18,32,32,0,272,266,6
18,18,77,77,0,266,258,8
19,18,48,48,0,171,169,2
20,18,232,218,14,858,815,43
22,18,15,14,1,38,37,1
24,18,39,38,1,175,172,3
27,18,3,2,1,10,8,2
30,18,2,2,0,6,6,0
32,18,288,234,54,1311,1177,134
33,18,123,116,7,688,635,53
34,18,2,2,0,13,12,1
35,18,464,448,16,2245,2131,114
36,18,512,512,0,2134,2089,45
37,18,3,2,1,21,15,6
38,18,18,18,0,52,52,0
39,18,66,66,0,205,185,20
40,18,26,17,9,117,85,32
41,18,58,58,0,254,247,7
42,18,76,63,13,365,297,68
43,18,15,15,0,37,33,4
44,18,49,44,5,203,190,13
45,18,10,10,0,28,28,0
48,18,462,462,0,2970,2672,298
49,18,515,474,41,2799,2515,284
53,18,26,1,25,127,5,122
55,18,9,6,3,28,20,8
56,18,2,2,0,21,17,4
57,18,15,14,1,78,72,6
60,18,81,23,58,263,114,149
61,18,2,0,2,23,16,7
62,18,17,14,3,157,122,35
1,19,11,10,1,29,24,5
2,19,935,925,10,3715,3668,47
3,19,1368,1313,55,5797,5444,353
4,19,190,190,0,676,609,67
5,19,585,538,47,2023,1898,125
6,19,265,265,0,1982,1263,719
7,19,547,491,56,2188,1646,542
8,19,116,116,0,1149,636,513
9,19,36,36,0,507,262,245
10,19,79,79,0,591,574,17
11,19,24,24,0,166,156,10
12,19,43,43,0,442,416,26
13,19,56,56,0,235,225,10
14,19,211,193,18,826,747,79
15,19,79,79,0,701,686,15
16,19,224,224,0,862,840,22
17,19,53,53,0,449,431,18
18,19,117,117,0,447,423,24
19,19,79,79,0,285,274,11
20,19,458,445,13,1534,1479,55
22,19,18,18,0,60,59,1
24,19,105,102,3,357,347,10
26,19,2,2,0,2,2,0
29,19,3,3,0,11,9,2
30,19,2,2,0,7,5,2
32,19,481,395,86,2244,1962,282
33,19,224,206,18,1220,1130,90
34,19,6,6,0,15,15,0
35,19,882,856,26,3760,3567,193
36,19,884,884,0,3611,3526,85
37,19,10,8,2,34,30,4
38,19,20,20,0,62,61,1
39,19,102,102,0,316,270,46
40,19,47,33,14,202,151,51
41,19,80,80,0,350,346,4
42,19,111,88,23,493,394,99
43,19,31,31,0,64,54,10
44,19,87,81,6,346,327,19
45,19,7,7,0,22,22,0
46,19,2,2,0,13,11,2
47,19,7,3,4,13,5,8
48,19,756,756,0,4791,4309,482
49,19,818,769,49,4430,3965,465
53,19,36,1,35,148,6,142
55,19,7,6,1,40,30,10
56,19,7,7,0,46,36,10
57,19,22,18,4,134,125,9
60,19,143,31,112,473,218,255
61,19,10,5,5,40,23,17
62,19,46,30,16,329,238,91
1,20,5,5,0,15,15,0
2,20,556,545,11,2032,1994,38
3,20,938,892,46,3869,3615,254
4,20,114,114,0,387,347,40
5,20,306,283,23,1137,1077,60
6,20,130,130,0,1166,752,414
7,20,339,300,39,1268,970,298
8,20,82,82,0,681,405,276
9,20,26,26,0,303,182,121
10,20,65,65,0,371,357,14
11,20,14,14,0,114,108,6
12,20,48,48,0,315,290,25
13,20,40,40,0,135,122,13
14,20,144,131,13,573,524,49
15,20,68,68,0,515,508,7
16,20,156,156,0,578,563,15
17,20,39,39,0,293,279,14
18,20,55,55,0,240,225,15
19,20,50,50,0,152,146,6
20,20,247,234,13,847,806,41
22,20,18,18,0,40,39,1
24,20,50,46,4,152,144,8
29,20,3,3,0,5,4,1
30,20,2,2,0,5,4,1
32,20,238,188,50,1140,998,142
33,20,110,104,6,634,595,39
34,20,8,8,0,13,13,0
35,20,527,515,12,2211,2083,128
36,20,507,507,0,2162,2100,62
37,20,5,3,2,25,19,6
38,20,11,11,0,40,38,2
39,20,70,70,0,221,194,27
40,20,35,25,10,130,89,41
41,20,74,73,1,255,252,3
42,20,75,61,14,351,271,80
43,20,16,16,0,40,32,8
44,20,69,65,4,238,226,12
45,20,4,4,0,16,16,0
48,20,383,383,0,2206,1972,234
49,20,369,339,30,2053,1862,191
53,20,18,0,18,77,0,77
55,20,9,7,2,46,31,15
56,20,6,6,0,25,14,11
57,20,8,7,1,57,50,7
60,20,95,20,75,311,147,164
62,20,32,20,12,192,135,57
2,21,254,252,2,905,895,10
3,21,351,337,14,1626,1523,103
4,21,48,48,0,182,154,28
5,21,128,118,10,427,399,28
6,21,51,51,0,671,377,294
7,21,142,125,17,679,469,210
8,21,38,38,0,388,204,184
9,21,12,12,0,170,84,86
10,21,13,13,0,145,141,4
11,21,5,5,0,36,31,5
12,21,9,9,0,125,116,9
13,21,5,5,0,52,50,2
14,21,48,40,8,202,182,20
15,21,26,26,0,175,173,2
16,21,37,37,0,172,167,5
17,21,8,8,0,99,96,3
18,21,8,8,0,74,66,8
19,21,11,11,0,58,57,1
20,21,117,110,7,352,337,15
22,21,12,12,0,30,29,1
24,21,39,35,4,110,104,6
32,21,122,97,25,579,482,97
33,21,52,47,5,316,287,29
34,21,5,5,0,11,10,1
35,21,229,224,5,1069,998,71
36,21,223,223,0,977,942,35
37,21,3,2,1,13,11,2
38,21,3,3,0,21,20,1
39,21,36,36,0,93,78,15
40,21,14,8,6,53,35,18
41,21,22,22,0,68,68,0
42,21,27,22,5,136,105,31
43,21,9,9,0,18,16,2
44,21,34,34,0,108,104,4
45,21,2,2,0,18,18,0
48,21,168,168,0,1288,1160,128
49,21,193,181,12,1206,1097,109
53,21,7,0,7,43,4,39
55,21,2,0,2,9,4,5
56,21,5,5,0,15,13,2
57,21,4,2,2,18,15,3
60,21,35,8,27,111,41,70
62,21,8,8,0,41,33,8
1,22,6,6,0,22,19,3
2,22,508,504,4,2030,2008,22
3,22,763,726,37,3472,3252,220
4,22,107,107,0,390,360,30
5,22,347,321,26,1230,1165,65
6,22,109,109,0,1213,758,455
7,22,285,259,26,1379,1069,310
8,22,55,55,0,679,385,294
9,22,28,28,0,321,179,142
10,22,33,33,0,328,314,14
11,22,14,14,0,103,96,7
12,22,30,30,0,258,240,18
13,22,27,27,0,118,109,9
14,22,107,99,8,426,386,40
15,22,52,52,0,427,417,10
16,22,123,123,0,468,462,6
17,22,26,26,0,249,239,10
18,22,62,62,0,252,237,15
19,22,37,37,0,164,159,5
20,22,255,242,13,852,813,39
22,22,18,18,0,42,42,0
24,22,58,57,1,163,157,6
27,22,2,2,0,6,4,2
29,22,2,2,0,2,2,0
30,22,2,2,0,8,7,1
32,22,276,238,38,1316,1169,147
33,22,118,105,13,648,599,49
34,22,4,4,0,14,13,1
35,22,530,518,12,2432,2309,123
36,22,511,511,0,2366,2298,68
37,22,4,4,0,28,21,7
38,22,16,16,0,48,48,0
39,22,91,91,0,278,225,53
40,22,36,23,13,151,105,46
41,22,43,42,1,171,169,2
42,22,66,56,10,353,281,72
43,22,24,24,0,49,43,6
44,22,78,73,5,297,286,11
45,22,4,4,0,30,30,0
46,22,3,3,0,14,10,4
47,22,2,0,2,6,2,4
48,22,425,425,0,2914,2623,291
49,22,486,447,39,2703,2405,298
53,22,18,0,18,117,7,110
55,22,6,4,2,17,12,5
56,22,9,9,0,31,30,1
57,22,15,14,1,77,74,3
60,22,95,24,71,323,145,178
62,22,16,12,4,147,117,30
1,23,7,6,1,24,19,5
2,23,977,963,14,3589,3535,54
3,23,1416,1356,60,6274,5883,391
4,23,132,132,0,480,410,70
5,23,583,545,38,1938,1833,105
6,23,200,200,0,1798,1132,666
7,23,565,528,37,2128,1657,471
8,23,117,117,0,1050,611,439
9,23,52,52,0,459,263,196
10,23,73,73,0,608,577,31
11,23,19,19,0,179,168,11
12,23,57,57,0,453,425,28
13,23,56,56,0,209,195,14
14,23,197,183,14,763,713,50
15,23,99,99,0,731,718,13
16,23,224,224,0,836,816,20
17,23,59,59,0,461,445,16
18,23,114,114,0,376,358,18
19,23,64,64,0,262,257,5
20,23,388,363,25,1323,1255,68
22,23,20,19,1,72,71,1
24,23,103,102,1,303,299,4
32,23,505,422,83,2200,1936,264
33,23,253,222,31,1217,1107,110
34,23,12,12,0,41,35,6
35,23,874,857,17,3948,3763,185
36,23,877,877,0,3803,3708,95
37,23,4,4,0,28,22,6
38,23,9,9,0,47,45,2
39,23,175,175,0,455,386,69
40,23,74,37,37,267,159,108
41,23,83,83,0,349,348,1
42,23,113,96,17,498,406,92
43,23,34,34,0,67,62,5
44,23,114,108,6,420,403,17
45,23,8,8,0,35,35,0
46,23,2,2,0,11,8,3
47,23,5,1,4,18,7,11
48,23,681,681,0,4387,3968,419
49,23,724,679,45,4097,3703,394
53,23,32,3,29,132,5,127
54,23,2,2,0,6,4,2
55,23,15,12,3,63,41,22
56,23,13,13,0,41,38,3
57,23,31,25,6,140,131,9
60,23,165,40,125,502,216,286
61,23,6,2,4,30,14,16
62,23,43,26,17,240,174,66
1,24,6,6,0,14,14,0
2,24,549,540,9,2069,2033,36
3,24,894,845,49,3781,3551,230
4,24,118,118,0,406,368,38
5,24,303,272,31,1022,950,72
6,24,132,132,0,1058,699,359
7,24,325,297,28,1269,986,283
8,24,82,82,0,621,384,237
9,24,37,37,0,295,176,119
10,24,57,57,0,453,434,19
11,24,22,22,0,139,136,3
12,24,37,37,0,322,298,24
13,24,43,43,0,154,149,5
14,24,129,122,7,551,508,43
15,24,65,65,0,529,515,14
16,24,148,148,0,587,566,21
17,24,31,31,0,331,317,14
18,24,65,65,0,257,242,15
19,24,50,50,0,173,170,3
20,24,249,235,14,845,804,41
22,24,11,10,1,29,28,1
24,24,44,43,1,168,159,9
32,24,275,222,53,1288,1126,162
33,24,138,124,14,742,675,67
34,24,13,11,2,25,20,5
35,24,456,440,16,2123,2005,118
36,24,496,496,0,1946,1905,41
37,24,8,5,3,22,18,4
38,24,11,11,0,26,26,0
39,24,85,85,0,244,208,36
40,24,40,23,17,153,105,48
41,24,47,45,2,178,175,3
42,24,72,58,14,338,263,75
43,24,7,7,0,31,26,5
44,24,64,62,2,273,256,17
45,24,2,2,0,16,16,0
46,24,6,4,2,21,16,5
48,24,333,333,0,2215,1977,238
49,24,399,375,24,2080,1859,221
53,24,16,0,16,68,3,65
55,24,7,7,0,29,22,7
56,24,9,9,0,32,30,2
57,24,14,10,4,73,66,7
60,24,102,23,79,298,133,165
61,24,3,2,1,17,10,7
62,24,16,8,8,141,106,35
1,25,3,3,0,9,8,1
2,25,214,214,0,850,843,7
3,25,316,301,15,1524,1442,82
4,25,52,52,0,171,156,15
5,25,130,117,13,433,399,34
6,25,51,51,0,708,409,299
7,25,139,123,16,755,529,226
8,25,39,39,0,441,232,209
9,25,15,15,0,207,98,109
10,25,21,21,0,110,104,6
11,25,2,2,0,35,33,2
12,25,17,17,0,98,90,8
13,25,13,13,0,51,49,2
14,25,48,46,2,165,159,6
15,25,23,23,0,145,143,2
16,25,41,41,0,168,163,5
17,25,8,8,0,87,84,3
18,25,21,21,0,80,75,5
19,25,7,7,0,44,41,3
20,25,91,85,6,313,292,21
22,25,4,4,0,14,14,0
24,25,25,22,3,85,80,5
27,25,2,2,0,8,5,3
32,25,126,98,28,572,492,80
33,25,57,48,9,303,273,30
34,25,3,3,0,3,3,0
35,25,213,206,7,1046,981,65
36,25,214,214,0,986,962,24
38,25,3,3,0,19,19,0
39,25,29,29,0,126,102,24
40,25,16,6,10,67,46,21
41,25,16,16,0,76,76,0
42,25,20,14,6,107,83,24
43,25,14,14,0,26,23,3
44,25,29,28,1,141,135,6
45,25,4,4,0,9,9,0
48,25,177,177,0,1290,1172,118
49,25,193,182,11,1205,1090,115
53,25,5,0,5,36,1,35
55,25,5,4,1,20,13,7
56,25,2,2,0,13,13,0
57,25,3,3,0,29,29,0
60,25,40,8,32,153,63,90
61,25,3,1,2,14,8,6
62,25,3,2,1,36,25,11
1,26,9,9,0,23,20,3
2,26,540,536,4,1856,1830,26
3,26,624,608,16,3009,2852,157
4,26,103,103,0,360,314,46
5,26,291,267,24,1053,974,79
6,26,110,110,0,1087,671,416
7,26,300,281,19,1255,970,285
8,26,67,67,0,705,404,301
9,26,21,21,0,279,153,126
10,26,38,38,0,267,258,9
11,26,9,9,0,61,58,3
12,26,27,27,0,220,208,12
13,26,30,30,0,107,103,4
14,26,92,85,7,402,375,27
15,26,55,55,0,353,347,6
16,26,96,96,0,385,378,7
17,26,21,21,0,203,195,8
18,26,51,51,0,208,197,11
19,26,38,38,0,142,139,3
20,26,224,215,9,842,784,58
22,26,15,15,0,37,37,0
24,26,74,64,10,240,215,25
32,26,230,191,39,1119,974,145
33,26,117,105,12,642,576,66
35,26,499,481,18,2139,2018,121
36,26,413,413,0,1944,1901,43
37,26,7,7,0,40,31,9
38,26,12,12,0,48,47,1
39,26,79,79,0,195,164,31
40,26,34,20,14,112,66,46
41,26,40,39,1,189,185,4
42,26,66,55,11,298,248,50
43,26,17,17,0,35,32,3
44,26,73,68,5,254,242,12
45,26,8,8,0,27,27,0
46,26,6,6,0,14,14,0
47,26,4,1,3,8,4,4
48,26,478,478,0,3087,2790,297
49,26,468,433,35,2873,2568,305
53,26,20,1,19,78,3,75
54,26,2,2,0,3,2,1
55,26,8,6,2,39,27,12
56,26,5,5,0,14,13,1
57,26,13,10,3,71,66,5
60,26,72,14,58,226,94,132
61,26,3,2,1,17,10,7
62,26,21,15,6,116,87,29
1,27,14,14,0,43,40,3
2,27,929,914,15,3421,3372,49
3,27,1292,1241,51,5665,5336,329
4,27,136,136,0,504,437,67
5,27,533,491,42,1882,1774,108
6,27,220,220,0,1833,1165,668
7,27,554,509,45,2248,1717,531
8,27,96,96,0,1079,594,485
9,27,38,38,0,477,270,207
10,27,69,69,0,522,509,13
11,27,17,17,0,166,158,8
12,27,43,43,0,387,364,23
13,27,50,50,0,195,179,16
14,27,162,147,15,691,626,65
15,27,91,91,0,686,669,17
16,27,192,192,0,737,711,26
17,27,49,49,0,398,387,11
18,27,107,107,0,391,369,22
19,27,77,77,0,253,247,6
20,27,337,318,19,1236,1172,64
22,27,19,19,0,62,62,0
24,27,88,85,3,298,290,8
27,27,3,1,2,5,2,3
32,27,431,361,70,2053,1823,230
33,27,188,175,13,1069,993,76
35,27,872,853,19,3666,3482,184
36,27,881,881,0,3507,3434,73
37,27,10,7,3,52,36,16
38,27,16,16,0,71,71,0
39,27,155,155,0,477,402,75
40,27,67,30,37,265,171,94
41,27,63,62,1,273,269,4
42,27,83,68,15,468,349,119
43,27,38,38,0,62,59,3
44,27,122,116,6,444,425,19
45,27,9,9,0,25,25,0
46,27,3,1,2,16,8,8
47,27,4,3,1,11,7,4
48,27,657,657,0,4887,4384,503
49,27,774,725,49,4535,4057,478
53,27,26,1,25,142,6,136
55,27,11,10,1,38,29,9
56,27,7,7,0,23,20,3
57,27,17,15,2,87,82,5
60,27,121,27,94,395,179,216
61,27,10,2,8,34,12,22
62,27,30,21,9,192,141,51
1,28,5,5,0,17,17,0
2,28,548,544,4,1864,1851,13
3,28,816,779,37,3667,3439,228
4,28,99,99,0,342,311,31
5,28,300,273,27,1061,978,83
6,28,132,132,0,1060,678,382
7,28,309,280,29,1290,990,300
8,28,65,65,0,586,331,255
9,28,29,29,0,252,149,103
10,28,51,51,0,396,371,25
11,28,10,10,0,118,110,8
12,28,34,34,0,271,250,21
13,28,35,35,0,128,123,5
14,28,123,109,14,499,450,49
15,28,54,54,0,437,424,13
16,28,119,119,0,501,484,17
17,28,23,23,0,252,241,11
18,28,56,56,0,259,244,15
19,28,43,43,0,151,147,4
20,28,268,248,20,925,866,59
22,28,18,18,0,45,45,0
24,28,42,41,1,153,150,3
32,28,216,168,48,1017,895,122
33,28,118,109,9,574,525,49
34,28,4,4,0,15,15,0
35,28,479,467,12,2023,1923,100
36,28,504,504,0,1954,1924,30
37,28,7,4,3,25,18,7
38,28,9,9,0,49,48,1
39,28,109,109,0,306,266,40
40,28,41,21,20,178,117,61
41,28,37,37,0,145,143,2
42,28,64,52,12,303,242,61
43,28,19,19,0,40,37,3
44,28,66,65,1,233,227,6
45,28,4,4,0,17,16,1
46,28,7,4,3,18,12,6
48,28,350,350,0,2452,2179,273
49,28,401,376,25,2318,2075,243
53,28,9,0,9,51,1,50
55,28,8,5,3,35,20,15
56,28,5,5,0,16,16,0
57,28,2,1,1,48,43,5
60,28,84,21,63,260,112,148
61,28,5,2,3,18,8,10
62,28,30,13,17,130,83,47
1,29,4,3,1,10,8,2
2,29,235,235,0,873,871,2
3,29,264,251,13,1429,1327,102
4,29,36,36,0,129,114,15
5,29,105,100,5,393,361,32
6,29,52,52,0,660,397,263
7,29,134,117,17,741,513,228
8,29,34,34,0,421,218,203
9,29,11,11,0,194,93,101
10,29,15,15,0,133,129,4
11,29,4,4,0,34,33,1
12,29,10,10,0,81,76,5
13,29,11,11,0,55,49,6
14,29,40,39,1,158,139,19
15,29,14,14,0,137,132,5
16,29,33,33,0,170,164,6
17,29,11,11,0,92,91,1
18,29,19,19,0,80,74,6
19,29,17,17,0,59,58,1
20,29,79,75,4,303,290,13
22,29,5,5,0,12,12,0
24,29,22,21,1,67,65,2
32,29,93,77,16,457,398,59
33,29,56,50,6,284,257,27
34,29,2,1,1,4,3,1
35,29,180,178,2,833,791,42
36,29,196,196,0,807,788,19
37,29,8,7,1,18,15,3
38,29,7,7,0,29,28,1
39,29,42,42,0,120,110,10
40,29,21,11,10,79,52,27
41,29,12,11,1,61,60,1
42,29,16,14,2,89,75,14
43,29,8,8,0,19,15,4
44,29,19,17,2,86,84,2
45,29,3,3,0,10,10,0
48,29,182,182,0,1357,1208,149
49,29,160,154,6,1236,1109,127
53,29,4,1,3,21,1,20
56,29,3,3,0,7,6,1
60,29,43,8,35,137,66,71
62,29,5,2,3,40,20,20
1,30,11,11,0,32,31,1
2,30,534,529,5,2012,1990,22
3,30,637,612,25,3065,2886,179
4,30,90,90,0,304,275,29
5,30,261,236,25,931,843,88
6,30,99,99,0,1230,765,465
7,30,329,294,35,1362,1022,340
8,30,56,56,0,736,396,340
9,30,20,20,0,287,161,126
10,30,29,29,0,294,279,15
11,30,8,8,0,88,77,11
12,30,20,20,0,215,197,18
13,30,22,22,0,79,72,7
14,30,92,82,10,361,320,41
15,30,53,53,0,372,364,8
16,30,92,92,0,393,378,15
17,30,21,21,0,201,201,0
18,30,34,34,0,137,126,11
19,30,25,25,0,71,70,1
20,30,227,218,9,790,754,36
22,30,9,9,0,35,33,2
24,30,39,37,2,163,160,3
32,30,183,150,33,922,817,105
33,30,119,105,14,572,505,67
34,30,3,3,0,12,12,0
35,30,417,406,11,1826,1732,94
36,30,402,402,0,1621,1584,37
37,30,4,3,1,19,17,2
38,30,12,12,0,42,40,2
39,30,77,77,0,253,211,42
40,30,38,10,28,139,86,53
41,30,38,37,1,164,162,2
42,30,55,46,9,244,199,45
43,30,16,16,0,37,33,4
44,30,47,41,6,219,209,10
45,30,2,2,0,16,14,2
46,30,2,2,0,11,6,5
48,30,400,400,0,3123,2751,372
49,30,451,427,24,2934,2594,340
53,30,20,0,20,91,6,85
55,30,9,6,3,35,19,16
56,30,6,6,0,22,14,8
57,30,9,9,0,52,51,1
60,30,58,16,42,210,99,111
61,30,5,1,4,21,9,12
62,30,15,6,9,110,83,27
1,31,14,12,2,36,33,3
2,31,1354,1311,43,3544,3486,58
3,31,2098,1922,176,5779,5475,304
4,31,224,198,26,531,489,42
5,31,708,615,93,1838,1707,131
6,31,672,574,98,2358,1780,578
7,31,1200,1023,177,3174,2683,491
8,31,455,374,81,1394,948,446
9,31,177,134,43,577,388,189
10,31,324,314,10,795,769,26
11,31,120,112,8,253,237,16
12,31,235,220,15,627,597,30
13,31,91,86,5,249,233,16
14,31,317,269,48,1034,930,104
15,31,407,405,2,996,988,8
16,31,418,404,14,1045,1015,30
17,31,220,215,5,551,537,14
18,31,121,114,7,352,332,20
19,31,79,74,5,205,198,7
20,31,440,400,40,1390,1308,82
21,31,11,11,0,28,16,12
22,31,29,27,2,61,59,2
24,31,90,86,4,305,295,10
25,31,241,241,0,545,528,17
26,31,3,2,1,4,3,1
27,31,2,1,1,7,4,3
28,31,8,8,0,26,23,3
29,31,5,4,1,10,8,2
31,31,713,713,0,2573,2113,460
32,31,626,492,134,2223,2014,209
33,31,299,268,31,1145,1048,97
34,31,5,4,1,11,10,1
35,31,1485,1409,76,4347,4170,177
36,31,1513,1490,23,4082,4035,47
37,31,5,3,2,24,19,5
38,31,7,7,0,31,31,0
39,31,418,365,53,923,845,78
40,31,135,73,62,532,369,163
41,31,79,78,1,283,276,7
42,31,87,58,29,383,306,77
43,31,42,39,3,61,55,6
44,31,144,133,11,508,476,32
45,31,12,12,0,31,31,0
46,31,3,2,1,9,7,2
47,31,2,0,2,8,3,5
48,31,2018,2018,0,4531,4128,403
49,31,1299,1174,125,4166,3861,305
50,31,92,89,3,247,238,9
51,31,9,8,1,24,19,5
53,31,36,1,35,112,6,106
54,31,9,6,3,13,10,3
55,31,19,11,8,63,48,15
56,31,16,13,3,56,47,9
57,31,10,7,3,84,78,6
58,31,330,330,0,676,550,126
59,31,75,46,29,238,147,91
60,31,107,22,85,388,148,240
61,31,4,2,2,16,10,6
62,31,56,27,29,276,199,77
1,32,12,11,1,24,23,1
2,32,933,913,20,2407,2371,36
3,32,1748,1603,145,4661,4401,260
4,32,188,160,28,446,409,37
5,32,526,476,50,1358,1280,78
6,32,807,721,86,2343,1918,425
7,32,1310,1134,176,3369,2972,397
8,32,436,373,63,1243,963,280
9,32,175,145,30,501,366,135
10,32,304,293,11,671,646,25
11,32,67,65,2,188,177,11
12,32,198,187,11,467,437,30
13,32,97,90,7,244,233,11
14,32,237,201,36,807,730,77
15,32,300,296,4,792,775,17
16,32,356,344,12,879,856,23
17,32,198,193,5,512,498,14
18,32,81,76,5,234,219,15
19,32,51,47,4,127,121,6
20,32,296,280,16,990,947,43
21,32,4,4,0,15,7,8
22,32,13,13,0,30,29,1
24,32,57,51,6,199,190,9
25,32,174,174,0,344,329,15
27,32,3,3,0,5,5,0
28,32,7,7,0,12,10,2
29,32,2,2,0,4,3,1
31,32,491,491,0,1712,1420,292
32,32,433,323,110,1472,1311,161
33,32,224,201,23,819,758,61
34,32,4,4,0,8,8,0
35,32,1105,1031,74,3143,3008,135
36,32,1115,1098,17,2942,2903,39
37,32,7,4,3,19,15,4
38,32,15,14,1,31,30,1
39,32,364,320,44,780,712,68
40,32,115,63,52,449,314,135
41,32,52,51,1,179,175,4
42,32,51,36,15,270,225,45
43,32,20,17,3,37,30,7
44,32,104,99,5,330,314,16
45,32,3,3,0,17,17,0
46,32,5,2,3,10,6,4
47,32,4,0,4,5,1,4
48,32,1256,1256,0,2659,2433,226
49,32,796,722,74,2502,2298,204
50,32,51,50,1,128,121,7
51,32,14,12,2,37,26,11
52,32,2,0,2,3,0,3
53,32,23,1,22,81,3,78
54,32,3,2,1,5,3,2
55,32,6,2,4,16,12,4
56,32,24,17,7,50,38,12
57,32,9,3,6,51,42,9
58,32,345,345,0,589,469,120
59,32,65,36,29,179,102,77
60,32,94,31,63,359,156,203
61,32,2,0,2,15,5,10
62,32,35,17,18,175,122,53
1,33,3,3,0,8,7,1
2,33,370,358,12,990,972,18
3,33,694,629,65,1989,1883,106
4,33,93,80,13,257,235,22
5,33,212,180,32,578,534,44
6,33,429,368,61,1377,1085,292
7,33,672,563,109,1806,1522,284
8,33,255,213,42,811,602,209
9,33,75,63,12,312,223,89
10,33,107,105,2,295,284,11
11,33,33,30,3,91,85,6
12,33,74,67,7,201,189,12
13,33,50,47,3,123,118,5
14,33,126,115,11,376,349,27
15,33,108,106,2,338,333,5
16,33,145,141,4,362,355,7
17,33,55,54,1,184,181,3
18,33,36,34,2,123,119,4
19,33,31,28,3,73,70,3
20,33,151,142,9,475,448,27
22,33,2,2,0,16,16,0
24,33,47,47,0,128,126,2
25,33,88,88,0,204,199,5
28,33,2,2,0,3,3,0
31,33,211,211,0,743,614,129
32,33,170,116,54,629,540,89
33,33,81,71,10,368,344,24
35,33,460,434,26,1433,1374,59
36,33,524,517,7,1358,1338,20
37,33,5,1,4,19,12,7
38,33,8,7,1,19,18,1
39,33,153,133,20,356,321,35
40,33,76,40,36,227,156,71
41,33,24,24,0,105,105,0
42,33,45,33,12,158,126,32
43,33,14,11,3,19,15,4
44,33,49,47,2,139,136,3
45,33,3,3,0,6,6,0
46,33,2,2,0,12,10,2
48,33,648,648,0,1550,1408,142
49,33,409,364,45,1434,1298,136
50,33,36,35,1,90,86,4
51,33,11,11,0,16,14,2
53,33,9,0,9,48,5,43
55,33,9,2,7,16,9,7
56,33,2,1,1,11,9,2
57,33,2,1,1,32,30,2
58,33,153,153,0,286,230,56
59,33,39,22,17,103,55,48
60,33,46,9,37,166,63,103
61,33,8,3,5,18,10,8
62,33,16,9,7,94,71,23
1,34,13,11,2,25,23,2
2,34,1019,990,29,2764,2723,41
3,34,1747,1590,157,4733,4482,251
4,34,225,197,28,533,488,45
5,34,602,522,80,1498,1380,118
6,34,1125,1017,108,3328,2787,541
7,34,1796,1598,198,4677,4143,534
8,34,627,544,83,1929,1526,403
9,34,248,209,39,787,601,186
10,34,325,311,14,872,835,37
11,34,105,99,6,281,267,14
12,34,266,252,14,675,634,41
13,34,104,92,12,269,243,26
14,34,338,286,52,1051,939,112
15,34,393,385,8,1051,1025,26
16,34,409,394,15,1018,993,25
17,34,215,210,5,582,567,15
18,34,82,68,14,289,266,23
19,34,63,59,4,165,156,9
20,34,381,366,15,1259,1208,51
21,34,43,43,0,64,53,11
22,34,15,15,0,46,46,0
24,34,96,96,0,355,348,7
25,34,258,258,0,526,520,6
28,34,5,5,0,15,9,6
29,34,2,2,0,4,4,0
30,34,4,2,2,11,8,3
31,34,658,658,0,2261,1866,395
32,34,612,412,200,1904,1624,280
33,34,257,230,27,1068,968,100
35,34,1325,1238,87,3938,3777,161
36,34,1329,1309,20,3620,3568,52
37,34,13,5,8,39,26,13
38,34,9,8,1,51,49,2
39,34,566,521,45,1204,1121,83
40,34,196,113,83,664,475,189
41,34,78,77,1,268,266,2
42,34,104,76,28,463,368,95
43,34,34,30,4,59,53,6
44,34,132,121,11,410,385,25
45,34,6,6,0,23,22,1
46,34,2,2,0,14,13,1
48,34,1832,1832,0,4155,3773,382
49,34,1181,1037,144,3834,3456,378
50,34,148,147,1,305,292,13
51,34,17,13,4,46,33,13
53,34,56,2,54,183,3,180
55,34,18,12,6,39,29,10
56,34,11,9,2,38,35,3
57,34,9,9,0,45,44,1
58,34,446,446,0,787,648,139
59,34,142,79,63,347,214,133
60,34,110,26,84,435,180,255
61,34,7,2,5,26,12,14
62,34,44,27,17,258,200,58
1,35,14,13,1,35,32,3
2,35,1247,1212,35,3335,3284,51
3,35,2471,2264,207,6504,6191,313
4,35,308,267,41,721,668,53
5,35,796,707,89,1850,1722,128
6,35,1273,1152,121,3771,3178,593
7,35,1974,1744,230,5262,4709,553
8,35,680,599,81,2166,1720,446
9,35,256,214,42,831,652,179
10,35,492,481,11,1217,1187,30
11,35,153,151,2,395,383,12
12,35,354,326,28,883,836,47
13,35,175,161,14,401,374,27
14,35,460,421,39,1506,1397,109
15,35,603,590,13,1498,1472,26
16,35,653,633,20,1548,1501,47
17,35,358,350,8,855,833,22
18,35,140,123,17,397,377,20
19,35,84,76,8,210,198,12
20,35,469,427,42,1515,1412,103
21,35,47,47,0,81,67,14
22,35,25,25,0,71,71,0
24,35,144,137,7,427,413,14
25,35,298,298,0,653,644,9
26,35,3,3,0,5,4,1
27,35,9,7,2,23,20,3
28,35,21,21,0,59,47,12
29,35,7,5,2,17,15,2
30,35,7,6,1,27,24,3
31,35,779,779,0,2623,2160,463
32,35,673,460,213,2247,1946,301
33,35,295,255,40,1145,1050,95
34,35,8,8,0,18,18,0
35,35,1371,1292,79,3994,3852,142
36,35,1452,1427,25,3854,3796,58
37,35,13,5,8,31,22,9
38,35,22,19,3,48,44,4
39,35,675,617,58,1432,1331,101
40,35,260,152,108,839,574,265
41,35,100,97,3,383,377,6
42,35,124,78,46,488,376,112
43,35,54,51,3,71,66,5
44,35,156,140,16,473,446,27
45,35,6,6,0,17,17,0
46,35,3,1,2,15,7,8
47,35,7,2,5,11,5,6
48,35,2172,2172,0,4864,4421,443
49,35,1337,1187,150,4483,4079,404
50,35,154,148,6,373,354,19
51,35,16,11,5,48,30,18
53,35,70,5,65,203,10,193
54,35,2,0,2,4,1,3
55,35,15,7,8,39,28,11
56,35,12,9,3,35,31,4
57,35,11,11,0,58,57,1
58,35,535,535,0,957,799,158
59,35,147,81,66,401,248,153
60,35,136,34,102,565,228,337
61,35,4,2,2,36,19,17
62,35,56,35,21,253,196,57
1,36,13,13,0,22,21,1
2,36,788,761,27,2164,2124,40
3,36,1793,1604,189,4776,4465,311
4,36,222,191,31,525,485,40
5,36,413,361,52,1005,937,68
6,36,808,723,85,2401,1986,415
7,36,1286,1146,140,3403,3032,371
8,36,439,372,67,1361,1048,313
9,36,160,136,24,555,433,122
10,36,352,343,9,844,824,20
11,36,104,101,3,265,259,6
12,36,246,235,11,603,572,31
13,36,112,106,6,269,253,16
14,36,306,269,37,1032,927,105
15,36,346,337,9,952,934,18
16,36,407,386,21,1039,993,46
17,36,211,201,10,575,554,21
18,36,97,94,3,268,259,9
19,36,53,48,5,140,133,7
20,36,314,296,18,987,950,37
21,36,41,41,0,73,60,13
22,36,12,12,0,29,29,0
24,36,85,81,4,287,279,8
25,36,210,210,0,472,459,13
28,36,7,7,0,18,14,4
30,36,4,4,0,9,9,0
31,36,458,458,0,1499,1247,252
32,36,422,293,129,1311,1125,186
33,36,222,201,21,775,713,62
34,36,3,3,0,11,11,0
35,36,932,861,71,2592,2460,132
36,36,1002,977,25,2569,2513,56
37,36,11,6,5,29,21,8
38,36,12,12,0,29,28,1
39,36,333,304,29,702,654,48
40,36,135,61,74,424,254,170
41,36,48,46,2,209,205,4
42,36,66,48,18,254,209,45
43,36,28,25,3,41,38,3
44,36,123,113,10,370,351,19
45,36,4,4,0,17,17,0
46,36,4,2,2,8,4,4
47,36,3,3,0,9,5,4
48,36,1306,1306,0,2893,2606,287
49,36,845,734,111,2695,2439,256
50,36,83,79,4,205,191,14
51,36,17,14,3,48,39,9
53,36,45,2,43,115,8,107
54,36,4,3,1,4,3,1
55,36,22,12,10,45,29,16
56,36,10,6,4,33,28,5
57,36,8,7,1,30,27,3
58,36,415,415,0,744,610,134
59,36,112,67,45,279,173,106
60,36,104,28,76,435,193,242
61,36,6,1,5,33,19,14
62,36,25,14,11,156,109,47
1,37,4,2,2,12,8,4
2,37,303,294,9,924,910,14
3,37,699,629,70,1973,1847,126
4,37,114,94,20,293,260,33
5,37,188,173,15,421,400,21
6,37,391,337,54,1349,1048,301
7,37,592,496,96,1680,1384,296
8,37,249,210,39,855,602,253
9,37,83,66,17,352,228,124
10,37,155,150,5,386,371,15
11,37,55,53,2,131,121,10
12,37,99,92,7,242,226,16
13,37,37,34,3,118,112,6
14,37,143,127,16,437,400,37
15,37,168,160,8,392,377,15
16,37,170,160,10,429,414,15
17,37,84,82,2,213,209,4
18,37,27,22,5,99,92,7
19,37,16,14,2,47,45,2
20,37,110,106,4,379,360,19
21,37,8,8,0,19,14,5
22,37,7,7,0,18,18,0
24,37,56,53,3,159,154,5
25,37,128,128,0,260,254,6
28,37,3,3,0,10,9,1
29,37,3,2,1,4,3,1
30,37,2,2,0,4,4,0
31,37,210,210,0,733,600,133
32,37,199,143,56,618,539,79
33,37,81,68,13,352,320,32
34,37,5,5,0,10,10,0
35,37,405,392,13,1205,1172,33
36,37,427,421,6,1143,1127,16
38,37,3,3,0,15,15,0
39,37,209,187,22,428,392,36
40,37,78,32,46,266,163,103
41,37,24,24,0,122,121,1
42,37,33,23,10,131,108,23
43,37,12,11,1,15,14,1
44,37,69,64,5,199,188,11
48,37,639,639,0,1648,1495,153
49,37,392,346,46,1539,1385,154
50,37,45,41,4,130,118,12
51,37,3,2,1,7,5,2
53,37,22,2,20,62,5,57
55,37,7,4,3,16,10,6
56,37,9,9,0,28,28,0
57,37,4,4,0,34,30,4
58,37,135,135,0,267,203,64
59,37,46,29,17,105,71,34
60,37,39,12,27,155,68,87
61,37,2,0,2,18,7,11
62,37,9,6,3,43,34,9
1,38,8,6,2,21,19,2
2,38,923,896,27,2554,2509,45
3,38,1819,1664,155,4902,4629,273
4,38,295,245,50,654,587,67
5,38,444,391,53,1123,1047,76
6,38,1123,1007,116,3613,2941,672
7,38,1713,1500,213,4587,4047,540
8,38,614,529,85,2016,1531,485
9,38,243,193,50,819,595,224
10,38,416,388,28,1045,996,49
11,38,122,110,12,353,321,32
12,38,309,289,20,781,733,48
13,38,145,134,11,322,298,24
14,38,430,369,61,1254,1138,116
15,38,490,482,8,1199,1176,23
16,38,526,512,14,1285,1253,32
17,38,286,282,4,702,685,17
18,38,112,93,19,301,274,27
19,38,67,63,4,153,149,4
20,38,376,350,26,1120,1071,49
21,38,47,47,0,86,69,17
22,38,30,30,0,63,63,0
24,38,121,118,3,433,414,19
25,38,313,313,0,717,696,21
26,38,3,3,0,12,11,1
27,38,12,10,2,26,20,6
28,38,29,29,0,54,51,3
29,38,8,8,0,19,18,1
30,38,9,9,0,23,23,0
31,38,543,543,0,1931,1581,350
32,38,527,369,158,1683,1443,240
33,38,254,226,28,968,881,87
34,38,5,4,1,14,13,1
35,38,987,929,58,2988,2869,119
36,38,1081,1060,21,2883,2833,50
37,38,8,2,6,13,6,7
38,38,9,9,0,27,27,0
39,38,554,482,72,1100,997,103
40,38,183,83,100,599,362,237
41,38,60,60,0,319,319,0
42,38,121,74,47,437,322,115
43,38,39,35,4,68,62,6
44,38,196,183,13,571,548,23
45,38,3,3,0,9,9,0
46,38,4,2,2,17,10,7
47,38,2,0,2,10,4,6
48,38,1865,1865,0,4599,4187,412
49,38,1198,1090,108,4227,3875,352
50,38,134,126,8,364,338,26
51,38,14,11,3,39,32,7
53,38,75,1,74,203,6,197
54,38,3,3,0,5,4,1
55,38,22,8,14,58,40,18
56,38,21,18,3,71,67,4
57,38,18,12,6,75,63,12
58,38,416,416,0,781,635,146
59,38,128,70,58,323,199,124
60,38,103,28,75,414,168,246
61,38,17,10,7,50,28,22
62,38,24,13,11,140,106,34
1,39,12,11,1,29,28,1
2,39,1209,1171,38,3255,3186,69
3,39,2501,2293,208,7048,6649,399
4,39,346,291,55,911,829,82
5,39,539,462,77,1399,1284,115
6,39,1325,1203,122,4161,3441,720
7,39,1973,1704,269,5235,4542,693
8,39,705,590,115,2264,1721,543
9,39,258,202,56,921,688,233
10,39,484,469,15,1258,1212,46
11,39,164,150,14,414,383,31
12,39,380,361,19,986,941,45
13,39,158,146,12,384,353,31
14,39,476,424,52,1572,1441,131
15,39,586,576,10,1492,1466,26
16,39,643,623,20,1625,1586,39
17,39,346,336,10,923,895,28
18,39,115,95,20,336,306,30
19,39,69,66,3,180,174,6
20,39,430,398,32,1360,1294,66
21,39,101,101,0,143,134,9
22,39,29,29,0,88,88,0
24,39,224,210,14,760,727,33
25,39,570,570,0,1286,1257,29
26,39,3,3,0,6,5,1
27,39,4,2,2,8,5,3
28,39,10,10,0,25,19,6
29,39,4,2,2,11,9,2
30,39,7,6,1,16,14,2
31,39,803,803,0,2781,2292,489
32,39,696,451,245,2363,1997,366
33,39,328,282,46,1322,1206,116
34,39,7,7,0,18,18,0
35,39,1178,1106,72,3494,3335,159
36,39,1267,1241,26,3360,3304,56
37,39,10,4,6,28,19,9
38,39,13,11,2,25,23,2
39,39,665,602,63,1316,1216,100
40,39,264,124,140,738,440,298
41,39,102,100,2,412,406,6
42,39,110,78,32,413,319,94
43,39,49,45,4,63,56,7
44,39,205,191,14,728,697,31
45,39,8,8,0,20,20,0
46,39,5,4,1,13,11,2
47,39,2,0,2,6,1,5
48,39,2072,2072,0,5257,4750,507
49,39,1313,1170,143,4856,4415,441
50,39,132,126,6,338,319,19
51,39,31,24,7,60,45,15
53,39,65,3,62,196,7,189
54,39,3,2,1,9,6,3
55,39,22,14,8,73,57,16
56,39,27,21,6,80,70,10
57,39,10,10,0,78,75,3
58,39,580,580,0,1032,851,181
59,39,148,79,69,372,215,157
60,39,172,47,125,594,247,347
61,39,17,6,11,66,37,29
62,39,29,15,14,221,170,51
1,40,11,10,1,18,16,2
2,40,644,627,17,1756,1732,24
3,40,1864,1663,201,5091,4744,347
4,40,166,142,24,465,428,37
5,40,241,213,28,633,586,47
6,40,735,640,95,2278,1846,432
7,40,1107,938,169,2981,2560,421
8,40,383,319,64,1239,948,291
9,40,169,136,33,536,408,128
10,40,241,233,8,601,580,21
11,40,77,74,3,187,175,12
12,40,177,162,15,445,416,29
13,40,105,100,5,221,207,14
14,40,229,199,30,773,690,83
15,40,303,301,2,754,740,14
16,40,330,316,14,804,778,26
17,40,175,171,4,463,447,16
18,40,72,69,3,242,237,5
19,40,36,35,1,99,96,3
20,40,293,265,28,870,817,53
21,40,55,55,0,80,77,3
22,40,13,13,0,38,37,1
24,40,126,121,5,406,393,13
25,40,292,292,0,635,612,23
28,40,13,13,0,29,22,7
29,40,3,2,1,8,6,2
30,40,3,2,1,8,7,1
31,40,389,389,0,1383,1100,283
32,40,386,235,151,1226,985,241
33,40,191,164,27,728,651,77
34,40,3,3,0,6,6,0
35,40,657,614,43,1962,1867,95
36,40,644,623,21,1816,1772,44
38,40,8,8,0,30,29,1
39,40,387,333,54,814,732,82
40,40,156,74,82,474,278,196
41,40,58,58,0,225,223,2
42,40,31,17,14,167,127,40
43,40,22,20,2,34,29,5
44,40,219,208,11,677,658,19
45,40,7,7,0,15,15,0
47,40,3,1,2,8,4,4
48,40,1208,1208,0,2873,2606,267
49,40,806,731,75,2690,2462,228
50,40,63,60,3,151,142,9
51,40,7,5,2,32,21,11
53,40,35,2,33,83,5,78
54,40,2,2,0,4,3,1
55,40,11,5,6,23,17,6
56,40,18,15,3,60,46,14
57,40,6,6,0,41,39,2
58,40,316,316,0,550,450,100
59,40,78,36,42,194,110,84
60,40,93,30,63,334,146,188
61,40,4,1,3,26,11,15
62,40,9,7,2,85,68,17
1,41,9,4,5,17,12,5
2,41,304,298,6,873,860,13
3,41,554,502,52,1643,1547,96
4,41,68,51,17,192,168,24
5,41,106,92,14,270,250,20
6,41,361,302,59,1440,1046,394
7,41,606,466,140,1634,1266,368
8,41,226,178,48,865,607,258
9,41,94,77,17,367,231,136
10,41,84,82,2,228,213,15
11,41,25,24,1,71,63,8
12,41,60,58,2,168,160,8
13,41,27,24,3,74,68,6
14,41,79,71,8,283,263,20
15,41,105,101,4,294,280,14
16,41,111,109,2,319,313,6
17,41,67,65,2,185,181,4
18,41,39,38,1,125,120,5
19,41,26,25,1,59,57,2
20,41,126,116,10,363,340,23
21,41,25,25,0,43,42,1
22,41,2,2,0,9,9,0
24,41,14,14,0,57,56,1
25,41,31,31,0,99,92,7
31,41,100,100,0,439,352,87
32,41,111,72,39,370,311,59
33,41,32,28,4,152,139,13
35,41,183,169,14,633,603,30
36,41,193,187,6,563,552,11
38,41,4,4,0,10,10,0
39,41,67,58,9,174,153,21
40,41,26,10,16,89,48,41
41,41,24,22,2,86,83,3
42,41,20,13,7,85,59,26
43,41,13,13,0,17,15,2
44,41,15,14,1,47,46,1
48,41,622,622,0,1763,1586,177
49,41,440,393,47,1613,1462,151
50,41,32,28,4,83,75,8
51,41,5,4,1,14,13,1
53,41,13,0,13,35,3,32
54,41,3,2,1,3,2,1
55,41,8,5,3,17,12,5
56,41,4,2,2,12,9,3
57,41,2,2,0,20,19,1
58,41,114,114,0,205,174,31
59,41,15,10,5,58,37,21
60,41,21,5,16,98,43,55
61,41,2,1,1,4,3,1
62,41,8,6,2,56,47,9
1,42,14,13,1,23,20,3
2,42,702,692,10,1815,1796,19
3,42,1138,1018,120,3428,3183,245
4,42,175,146,29,473,426,47
5,42,236,199,37,617,564,53
6,42,799,689,110,2716,2083,633
7,42,1203,1011,192,3281,2695,586
8,42,450,373,77,1660,1195,465
9,42,169,141,28,694,495,199
10,42,188,184,4,533,508,25
11,42,67,64,3,160,146,14
12,42,154,148,6,441,417,24
13,42,68,57,11,156,135,21
14,42,219,194,25,684,629,55
15,42,246,240,6,624,612,12
16,42,268,256,12,704,684,20
17,42,122,119,3,379,367,12
18,42,61,52,9,182,168,14
19,42,36,33,3,113,107,6
20,42,214,193,21,665,618,47
21,42,57,57,0,91,82,9
22,42,12,11,1,26,25,1
24,42,52,51,1,174,171,3
25,42,126,126,0,286,279,7
27,42,5,5,0,9,9,0
28,42,8,8,0,26,15,11
29,42,3,3,0,5,5,0
30,42,4,3,1,14,13,1
31,42,245,245,0,985,799,186
32,42,240,164,76,822,709,113
33,42,67,59,8,369,334,35
34,42,2,1,1,6,5,1
35,42,492,460,32,1565,1497,68
36,42,524,518,6,1441,1423,18
37,42,3,1,2,9,5,4
38,42,3,3,0,15,15,0
39,42,173,155,18,367,334,33
40,42,51,24,27,190,121,69
41,42,43,43,0,187,187,0
42,42,32,17,15,183,150,33
43,42,18,16,2,24,22,2
44,42,17,17,0,57,55,2
47,42,2,1,1,4,2,2
48,42,1382,1382,0,3791,3412,379
49,42,950,852,98,3504,3148,356
50,42,105,100,5,261,244,17
51,42,8,7,1,14,13,1
53,42,46,1,45,137,4,133
55,42,7,3,4,14,8,6
57,42,8,8,0,44,41,3
58,42,236,236,0,425,340,85
59,42,50,24,26,150,81,69
60,42,49,8,41,218,83,135
61,42,2,0,2,16,10,6
62,42,14,9,5,99,79,20
1,43,13,11,2,25,23,2
2,43,1145,1104,41,3019,2954,65
3,43,2056,1866,190,5830,5479,351
4,43,290,257,33,727,673,54
5,43,510,437,73,1195,1097,98
6,43,1264,1119,145,4259,3351,908
7,43,2014,1719,295,5350,4503,847
8,43,750,628,122,2498,1857,641
9,43,280,223,57,1027,751,276
10,43,381,372,9,986,959,27
11,43,122,115,7,286,267,19
12,43,287,269,18,779,746,33
13,43,128,125,3,327,320,7
14,43,403,353,50,1255,1139,116
15,43,469,451,18,1241,1211,30
16,43,507,486,21,1259,1222,37
17,43,296,278,18,725,694,31
18,43,108,102,6,343,332,11
19,43,61,58,3,188,185,3
20,43,372,341,31,1183,1123,60
21,43,109,109,0,150,139,11
22,43,20,19,1,46,45,1
24,43,87,87,0,336,326,10
25,43,229,229,0,528,513,15
27,43,4,4,0,12,10,2
28,43,14,14,0,28,25,3
30,43,3,3,0,9,8,1
31,43,487,487,0,1728,1451,277
32,43,425,291,134,1484,1295,189
33,43,207,179,28,774,690,84
34,43,10,8,2,27,23,4
35,43,968,893,75,3096,2927,169
36,43,998,982,16,2914,2853,61
37,43,10,4,6,24,18,6
38,43,13,11,2,41,39,2
39,43,370,332,38,741,681,60
40,43,122,62,60,394,261,133
41,43,56,54,2,216,211,5
42,43,58,36,22,285,215,70
43,43,39,37,2,53,49,4
44,43,50,43,7,193,179,14
45,43,2,2,0,5,5,0
46,43,4,2,2,8,6,2
47,43,2,0,2,13,5,8
48,43,2427,2427,0,5829,5346,483
49,43,1519,1351,168,5358,4846,512
50,43,117,114,3,294,279,15
51,43,18,13,5,46,34,12
53,43,49,1,48,149,9,140
54,43,2,1,1,2,1,1
55,43,18,10,8,32,21,11
56,43,8,6,2,29,27,2
57,43,7,7,0,40,38,2
58,43,456,456,0,800,675,125
59,43,127,71,56,326,180,146
60,43,120,32,88,446,186,260
61,43,8,3,5,31,12,19
62,43,40,27,13,246,185,61
1,44,6,5,1,14,12,2
2,44,743,716,27,1910,1872,38
3,44,1481,1367,114,4186,3962,224
4,44,237,208,29,567,519,48
5,44,249,208,41,604,546,58
6,44,781,689,92,2531,2009,522
7,44,1137,980,157,3078,2621,457
8,44,420,351,69,1451,1069,382
9,44,168,135,33,603,439,164
10,44,237,225,12,648,620,28
11,44,69,67,2,193,186,7
12,44,211,202,9,517,493,24
13,44,89,83,6,228,216,12
14,44,285,239,46,927,830,97
15,44,300,290,10,819,801,18
16,44,359,344,15,897,877,20
17,44,161,153,8,477,455,22
18,44,67,60,7,214,202,12
19,44,44,44,0,131,131,0
20,44,237,217,20,874,834,40
21,44,27,27,0,54,50,4
22,44,11,11,0,19,19,0
24,44,63,60,3,235,228,7
25,44,157,157,0,392,385,7
28,44,6,6,0,14,10,4
29,44,4,4,0,7,7,0
31,44,347,347,0,1312,1109,203
32,44,317,228,89,1104,967,137
33,44,144,126,18,643,576,67
34,44,5,5,0,20,19,1
35,44,676,617,59,2031,1921,110
36,44,662,641,21,1915,1871,44
37,44,3,2,1,7,5,2
38,44,9,8,1,21,20,1
39,44,211,183,28,414,371,43
40,44,79,46,33,255,177,78
41,44,62,60,2,221,216,5
42,44,63,33,30,250,189,61
43,44,23,20,3,32,28,4
44,44,49,43,6,137,127,10
46,44,4,2,2,9,6,3
47,44,2,1,1,6,3,3
48,44,1370,1370,0,3248,2971,277
49,44,856,763,93,3002,2745,257
50,44,73,69,4,174,164,10
51,44,3,3,0,9,8,1
53,44,28,1,27,96,6,90
55,44,4,3,1,13,9,4
56,44,6,5,1,12,11,1
57,44,4,4,0,25,25,0
58,44,351,351,0,626,515,111
59,44,78,46,32,231,145,86
60,44,92,21,71,349,136,213
62,44,26,14,12,133,96,37
1,45,6,4,2,11,9,2
2,45,307,291,16,833,811,22
3,45,596,542,54,1843,1754,89
4,45,90,81,9,216,205,11
5,45,104,88,16,284,257,27
6,45,329,275,54,1334,986,348
7,45,576,467,109,1651,1343,308
8,45,203,171,32,799,567,232
9,45,74,59,15,326,227,99
10,45,94,89,5,299,291,8
11,45,30,30,0,98,93,5
12,45,61,58,3,225,218,7
13,45,37,33,4,85,80,5
14,45,113,101,12,354,324,30
15,45,143,139,4,375,366,9
16,45,125,121,4,349,343,6
17,45,58,56,2,195,189,6
18,45,22,22,0,73,73,0
19,45,17,17,0,45,44,1
20,45,108,97,11,348,332,16
21,45,31,31,0,49,47,2
22,45,4,4,0,8,8,0
23,45,2,2,0,3,3,0
24,45,24,22,2,102,100,2
25,45,79,79,0,172,168,4
26,45,2,1,1,2,1,1
28,45,4,4,0,11,7,4
30,45,3,1,2,6,3,3
31,45,156,156,0,593,480,113
32,45,154,109,45,508,434,74
33,45,52,41,11,261,226,35
35,45,322,293,29,1147,1066,81
36,45,291,281,10,961,936,25
38,45,5,4,1,10,9,1
39,45,109,103,6,226,209,17
40,45,31,15,16,113,76,37
41,45,31,31,0,133,133,0
42,45,23,17,6,122,96,26
43,45,13,12,1,21,20,1
44,45,18,18,0,62,59,3
48,45,569,569,0,1616,1476,140
49,45,379,339,40,1457,1337,120
50,45,39,37,2,104,96,8
51,45,5,5,0,16,12,4
53,45,18,0,18,56,3,53
55,45,3,0,3,5,2,3
57,45,2,1,1,7,6,1
58,45,146,146,0,300,244,56
59,45,39,19,20,108,54,54
60,45,37,12,25,157,52,105
61,45,2,1,1,12,7,5
62,45,16,8,8,77,52,25
1,46,8,6,2,16,13,3
2,46,626,593,33,1697,1643,54
3,46,937,853,84,2835,2696,139
4,46,170,131,39,431,381,50
5,46,201,164,37,504,447,57
6,46,672,597,75,2360,1859,501
7,46,1072,931,141,3002,2566,436
8,46,348,298,50,1323,986,337
9,46,161,139,22,554,395,159
10,46,203,201,2,546,530,16
11,46,74,69,5,206,189,17
12,46,134,123,11,386,353,33
13,46,70,66,4,178,172,6
14,46,153,135,18,612,564,48
15,46,210,205,5,597,589,8
16,46,227,218,9,619,603,16
17,46,119,114,5,340,326,14
18,46,43,34,9,144,128,16
19,46,40,36,4,110,103,7
20,46,183,171,12,628,592,36
21,46,48,48,0,82,72,10
22,46,9,9,0,19,19,0
24,46,42,39,3,158,152,6
25,46,95,95,0,275,264,11
28,46,6,6,0,18,11,7
29,46,2,2,0,6,6,0
30,46,2,2,0,4,4,0
31,46,322,322,0,1207,1016,191
32,46,318,217,101,1051,889,162
33,46,138,121,17,610,553,57
34,46,4,4,0,10,10,0
35,46,539,499,40,1944,1834,110
36,46,583,568,15,1881,1829,52
37,46,2,0,2,7,3,4
38,46,4,2,2,11,9,2
39,46,224,205,19,452,421,31
40,46,74,37,37,265,170,95
41,46,54,54,0,211,209,2
42,46,49,35,14,229,183,46
43,46,19,16,3,31,25,6
44,46,48,42,6,158,147,11
45,46,3,3,0,7,7,0
47,46,3,3,0,3,3,0
48,46,1199,1199,0,3153,2854,299
49,46,736,663,73,2845,2577,268
50,46,76,71,5,199,189,10
51,46,4,4,0,10,10,0
53,46,35,0,35,93,5,88
56,46,8,6,2,29,26,3
57,46,10,8,2,29,26,3
58,46,239,239,0,415,344,71
59,46,68,38,30,163,99,64
60,46,62,22,40,210,97,113
61,46,4,2,2,13,8,5
62,46,23,17,6,123,90,33
